               -232.1844747610
         -0.000009233       0.000003514      -0.000003030
          0.000003514      -0.000026915      -0.000023542
         -0.000003030      -0.000023542      -0.000001635
          36
  1     7      -0.126691168      -0.060089725      -0.033109800  N
  2     6       0.006996766      -0.087307522       0.061708039  C
  2     6      -0.021989376      -0.154517102      -0.049131395  C
  1     7       0.039555211       0.026417658       0.029234490  N
  2     6       0.059652354       0.060324594      -0.021241665  C
  2     6       0.053697333       0.044112347       0.176029502  C
  3     1      -0.005777667       0.032329508      -0.056753927  H
  2     6       0.167198232      -0.037070386      -0.063808545  C
  3     1      -0.008022521      -0.010310647      -0.024342707  H
  3     1      -0.026723795      -0.050941881       0.006076874  H
  3     1      -0.010432324      -0.001554379      -0.060757159  H
  3     1      -0.030494640       0.038899719      -0.025088272  H
  3     1       0.012486955       0.000616613       0.041403148  H
  3     1      -0.004817949       0.010269582      -0.046453600  H
  3     1       0.028181969       0.045104878      -0.002256993  H
  3     1       0.038664085      -0.000655345      -0.047713879  H
  2     6      -0.047792240      -0.002658972       0.083732038  C
  3     1      -0.012982360      -0.014512600       0.021148614  H
  2     6      -0.178683542       0.079028966      -0.020936679  C
  3     1       0.000067317       0.020415320       0.003959986  H
  3     1       0.041812873      -0.010792136      -0.064008043  H
  2     6       0.073615620      -0.033041733       0.035988948  C
  3     1       0.017018855       0.025260493      -0.011423739  H
  2     6       0.080719696      -0.027106784       0.050360551  C
  3     1      -0.003982292      -0.008577755       0.030645663  H
  3     1      -0.024233120       0.031655847      -0.039636078  H
  3     1      -0.051935338       0.024680303       0.034410990  H
  2     6      -0.205126091       0.083699759      -0.040392296  C
  3     1      -0.000231038       0.002730751      -0.026526274  H
  3     1      -0.012487204       0.013560952      -0.001070169  H
  3     1       0.042342399      -0.012911986      -0.045040942  H
  3     1       0.005364873      -0.049122763       0.036135252  H
  2     6       0.128162745       0.020212599       0.100181060  C
  3     1      -0.001969077       0.020625588      -0.033597306  H
  4     8      -0.103731169       0.062502142      -0.011255119  O
  3     1       0.082649802      -0.080921304       0.013478105  H
